0 -3 1
0 -2.5 0
0 -1.8753 -2
0 2.1247 -10

1 -2.33333 1
1 -1.94444 0
1 -1.44643 -2
1 1.66469 -10

2 -1.66667 1
2 -1.38889 0
2 -1.02621 -2
2 1.19601 -10

3 -1 1
3 -0.833333 0
3 -0.612806 -2
3 0.720527 -10

4 -0.333333 1
4 -0.277778 0
4 -0.203767 -2
4 0.240677 -10

5 0.333333 1
5 0.277778 0
5 0.203767 -2
5 -0.240677 -10

6 1 1
6 0.833333 0
6 0.612806 -2
6 -0.720527 -10

7 1.66667 1
7 1.38889 0
7 1.02621 -2
7 -1.19601 -10

8 2.33333 1
8 1.94444 0
8 1.44643 -2
8 -1.66469 -10

9 3 1
9 2.5 0
9 1.8753 -2
9 -2.1247 -10

